0.00 13.93 71.70 72.56 63.79 30.02 46.10 61.07 91.44 36.67 56.00 101.21 52.61 34.06 17.03 45.04 93.74 86.77 13.04 27.29 95.67 13.42 31.38 90.21 47.51 66.07 70.04 24.33 69.18 79.31 54.12 82.00 45.22 31.62 65.12 63.53 78.64 8.00 73.79 48.47 66.94 41.76 93.61 27.07 76.01 23.85 11.18 22.80 13.93 89.20 
13.93 0.00 59.91 62.39 50.25 18.03 33.96 58.24 79.40 28.16 43.29 89.59 39.12 31.02 18.44 42.72 82.76 76.90 25.61 27.80 83.60 11.05 36.40 76.84 33.84 53.60 68.71 14.21 64.50 66.48 54.71 69.18 35.51 21.59 52.77 53.76 77.62 21.59 59.94 34.54 53.15 43.01 80.62 24.60 72.01 19.31 18.68 18.38 0.00 75.93 
71.70 59.91 0.00 80.96 21.54 41.98 25.96 102.55 79.76 69.81 18.03 90.45 26.17 81.84 76.90 91.40 90.03 92.36 78.01 83.63 82.39 59.14 94.54 63.03 45.34 8.60 114.59 47.38 102.94 64.13 106.02 14.87 28.28 64.07 8.49 77.70 123.04 79.63 43.29 38.21 26.68 96.90 71.00 78.29 110.89 51.09 78.59 72.45 59.91 64.00 
72.56 62.39 80.96 0.00 59.48 64.28 66.75 39.05 24.74 36.06 66.10 31.06 57.28 44.69 59.03 42.05 21.93 14.56 85.59 53.81 28.46 73.05 63.25 38.33 39.32 72.50 48.37 68.07 31.58 25.08 52.17 78.01 77.32 41.15 73.01 9.22 53.85 76.84 42.43 45.89 55.23 53.23 35.06 49.52 37.34 77.67 67.01 50.80 62.39 36.14 
63.79 50.25 21.54 59.48 0.00 34.79 21.40 83.41 59.08 52.33 12.21 70.01 11.18 65.55 64.38 73.82 68.88 70.84 73.08 69.12 62.00 53.45 80.81 44.15 26.08 13.34 95.43 41.44 82.73 43.19 88.59 21.47 31.24 47.76 14.14 56.61 103.59 71.70 23.19 19.70 6.32 80.78 51.62 63.32 90.55 48.76 68.00 58.25 50.25 44.72 
30.02 18.03 41.98 64.28 34.79 0.00 16.12 70.24 76.16 36.77 26.02 87.09 23.77 44.82 35.85 56.04 82.01 78.64 38.33 44.05 80.11 18.68 53.85 69.03 27.31 36.06 81.63 6.71 74.33 61.29 69.53 52.01 18.38 29.55 35.13 57.00 90.55 38.01 49.52 24.21 38.91 58.69 74.33 39.60 82.28 15.62 36.69 33.24 18.03 68.60 
46.10 33.96 25.96 66.75 21.40 16.12 0.00 80.60 73.35 46.86 10.44 84.53 12.53 57.49 51.08 67.88 81.22 80.22 53.60 58.31 76.90 34.13 68.88 62.17 27.46 20.00 92.46 22.02 82.86 57.49 82.13 36.12 11.40 40.31 19.03 61.13 101.21 54.08 41.18 21.02 26.87 72.20 68.71 53.25 90.92 27.86 52.63 47.17 33.96 62.24 
61.07 58.24 102.55 39.05 83.41 70.24 80.60 0.00 63.51 33.84 84.86 67.72 76.38 27.46 44.05 16.03 57.57 45.88 72.11 34.01 66.91 68.66 36.40 76.42 57.49 94.11 12.04 70.38 11.31 62.51 15.00 104.62 87.98 40.82 94.07 33.38 20.62 61.20 74.46 64.44 81.54 22.85 74.00 34.37 15.52 77.49 51.04 40.02 58.24 74.33 
91.44 79.40 79.76 24.74 59.08 76.16 73.35 63.51 0.00 56.85 69.12 11.18 61.52 67.74 80.16 66.48 12.04 21.54 104.35 76.55 4.24 89.04 86.83 20.62 48.85 72.25 72.00 81.39 55.00 16.03 76.90 72.42 84.72 60.11 73.17 32.70 76.42 96.88 36.50 53.16 53.24 77.62 13.60 71.61 59.41 91.24 87.78 71.59 79.40 18.60 
36.67 28.16 69.81 36.06 52.33 36.77 46.86 33.84 56.85 0.00 51.86 65.76 43.83 14.04 23.35 21.63 57.63 50.12 49.65 20.88 61.07 39.20 32.56 60.41 26.57 61.61 45.61 37.85 37.64 47.42 36.36 73.79 54.20 7.28 61.40 26.93 54.41 40.80 50.00 32.65 51.87 28.86 61.72 15.23 45.54 46.17 31.14 14.87 28.16 58.87 
56.00 43.29 18.03 66.10 12.21 26.02 10.44 84.86 69.12 51.86 0.00 80.22 8.94 63.81 59.48 73.41 78.10 78.64 63.95 65.80 72.34 44.41 76.90 55.66 28.30 10.44 96.88 32.25 85.80 53.08 88.01 26.00 19.10 46.04 9.85 61.74 105.42 64.00 34.48 21.10 18.36 78.89 62.82 60.37 93.81 38.28 61.81 54.63 43.29 56.04 
101.21 89.59 90.45 31.06 70.01 87.09 84.53 67.72 11.18 65.76 80.22 0.00 72.69 75.60 89.10 72.95 10.20 22.20 114.20 84.65 8.06 99.48 94.30 29.15 59.81 83.10 74.81 92.20 58.05 27.17 81.93 82.46 95.90 69.66 84.05 40.00 78.06 106.30 47.17 64.29 64.07 84.12 21.02 80.06 61.13 102.04 96.90 80.62 89.59 27.51 
52.61 39.12 26.17 57.28 11.18 23.77 12.53 76.38 61.52 43.83 8.94 72.69 0.00 56.36 53.76 65.46 70.00 70.04 61.98 59.14 64.94 42.38 70.60 49.66 19.42 17.80 88.41 30.46 77.01 45.54 80.16 31.05 23.77 38.47 17.69 52.80 96.88 60.53 28.65 12.21 15.26 71.55 56.30 53.49 85.00 38.28 57.04 48.08 39.12 49.77 
34.06 31.02 81.84 44.69 65.55 44.82 57.49 27.46 67.74 14.04 63.81 75.60 56.36 0.00 17.26 11.70 66.60 57.38 45.89 9.22 71.87 41.23 19.31 73.50 40.26 73.93 37.70 43.91 35.13 60.08 24.76 86.93 63.13 17.89 73.57 35.61 46.62 35.44 64.01 45.88 65.52 15.23 74.09 7.00 42.01 50.33 25.00 12.65 31.02 71.84 
17.03 18.44 76.90 59.03 64.38 35.85 51.08 44.05 80.16 23.35 59.48 89.10 53.76 17.26 0.00 28.02 80.81 72.67 28.64 10.44 84.39 26.42 18.03 82.29 42.58 69.92 53.15 32.65 52.35 69.97 37.70 84.72 53.82 21.02 69.26 49.82 61.85 18.38 68.88 46.01 66.01 25.50 84.38 10.44 59.03 36.62 8.06 8.60 18.44 80.95 
45.04 42.72 91.40 42.05 73.82 56.04 67.88 16.03 66.48 21.63 73.41 72.95 65.46 11.70 28.02 0.00 63.29 52.80 56.22 18.11 70.38 52.89 22.80 75.43 47.85 83.23 26.00 55.47 25.00 61.52 14.76 95.29 74.20 27.59 83.01 33.84 34.93 45.40 69.05 54.20 73.01 11.18 74.73 18.44 31.14 62.03 35.13 24.35 42.72 73.55 
93.74 82.76 90.03 21.93 68.88 82.01 81.22 57.57 12.04 57.63 78.10 10.20 70.00 66.60 80.81 63.29 0.00 12.04 106.78 75.74 12.53 93.04 85.00 32.65 55.11 82.20 64.63 86.65 47.85 25.96 71.87 83.57 92.44 62.13 83.02 31.11 68.01 98.41 47.13 60.41 63.35 74.43 25.50 71.42 51.04 96.46 88.73 72.47 82.76 30.61 
86.77 76.90 92.36 14.56 70.84 78.64 80.22 45.88 21.54 50.12 78.64 22.20 70.04 57.38 72.67 52.80 12.04 0.00 99.76 66.60 23.54 87.60 75.07 40.80 53.01 84.12 52.61 82.57 35.90 30.61 60.42 87.71 91.05 55.54 84.77 23.26 56.00 90.74 51.11 59.21 65.92 63.82 34.89 62.80 39.01 92.20 80.71 64.66 76.90 38.60 
13.04 25.61 78.01 85.59 73.08 38.33 53.60 72.11 104.35 49.65 63.95 114.20 61.98 45.89 28.64 56.22 106.78 99.76 0.00 38.12 108.58 19.65 39.05 102.45 59.41 73.44 80.16 31.78 80.89 91.93 63.51 89.68 50.09 44.65 72.34 76.54 88.46 11.05 85.23 59.54 76.90 51.24 106.15 39.05 87.37 27.07 21.10 35.47 25.61 101.53 
27.29 27.80 83.63 53.81 69.12 44.05 58.31 34.01 76.55 20.88 65.80 84.65 59.14 9.22 10.44 18.11 75.74 66.60 38.12 0.00 80.71 36.67 12.00 81.27 45.10 76.16 42.76 41.77 42.95 68.15 27.31 90.14 62.37 22.02 75.64 44.69 51.42 27.29 70.26 49.82 69.87 15.26 82.35 6.00 49.25 46.65 17.03 11.18 27.80 79.71 
95.67 83.60 82.39 28.46 62.00 80.11 76.90 66.91 4.24 61.07 72.34 8.06 64.94 71.87 84.39 70.38 12.53 23.54 108.58 80.71 0.00 93.19 90.92 21.47 52.80 75.06 75.06 85.42 58.08 19.42 80.52 74.46 88.29 64.35 76.03 36.67 79.16 101.12 39.12 56.92 56.04 81.54 13.60 75.80 62.13 95.26 92.02 75.82 83.60 19.70 
13.42 11.05 59.14 73.05 53.45 18.68 34.13 68.66 89.04 39.20 44.41 99.48 42.38 41.23 26.42 52.89 93.04 87.60 19.65 36.67 93.19 0.00 43.28 84.86 41.73 54.08 78.75 12.17 75.33 75.43 63.98 70.26 32.02 32.56 53.04 64.56 87.60 20.88 66.61 40.80 57.38 51.88 89.27 34.48 82.73 10.63 23.35 28.64 11.05 84.15 
31.38 36.40 94.54 63.25 80.81 53.85 68.88 36.40 86.83 32.56 76.90 94.30 70.60 19.31 18.03 22.80 85.00 75.07 39.05 12.00 90.92 43.28 0.00 92.72 57.08 87.32 42.19 50.61 46.96 79.38 25.02 101.65 71.85 34.01 86.73 54.38 50.00 28.16 82.22 61.66 81.74 13.60 93.41 18.00 51.87 53.81 20.25 22.56 36.40 91.09 
90.21 76.84 63.03 38.33 44.15 69.03 62.17 76.42 20.62 60.41 55.66 29.15 49.66 73.50 82.29 75.43 32.65 40.80 102.45 81.27 21.47 84.86 92.72 0.00 43.19 56.44 86.49 75.17 69.86 14.00 88.01 53.76 73.41 61.27 57.56 43.10 92.18 96.80 21.19 44.82 37.85 85.99 8.25 75.61 75.58 84.65 89.07 73.82 76.84 2.24 
47.51 33.84 45.34 39.32 26.08 27.31 27.46 57.49 48.85 26.57 28.30 59.81 19.42 40.26 42.58 47.85 55.11 53.01 59.41 45.10 52.80 41.73 57.08 43.19 0.00 36.80 69.53 32.76 57.63 34.13 62.61 47.51 38.05 23.09 36.88 33.84 77.83 54.56 26.57 7.21 25.30 55.36 47.63 39.12 65.60 42.54 48.08 35.06 33.84 42.43 
66.07 53.60 8.60 72.50 13.34 36.06 20.00 94.11 72.25 61.61 10.44 83.10 17.80 73.93 69.92 83.23 82.20 84.12 73.44 76.16 75.06 54.08 87.32 56.44 36.80 0.00 106.15 42.01 94.37 56.44 97.91 16.28 25.50 56.08 1.41 69.12 114.56 74.06 36.00 29.70 19.03 89.07 64.20 70.68 102.30 47.07 72.18 65.00 53.60 57.22 
70.04 68.71 114.59 48.37 95.43 81.63 92.46 12.04 72.00 45.61 96.88 74.81 88.41 37.70 53.15 26.00 64.63 52.61 80.16 42.76 75.06 78.75 42.19 86.49 69.53 106.15 0.00 81.39 17.00 72.78 17.26 116.61 99.57 52.43 106.10 43.97 8.94 69.12 85.91 76.49 93.48 29.00 83.38 44.27 14.76 88.02 59.41 50.33 68.71 84.34 
24.33 14.21 47.38 68.07 41.44 6.71 22.02 70.38 81.39 37.85 32.25 92.20 30.46 43.91 32.65 55.47 86.65 82.57 31.78 41.77 85.42 12.17 50.61 75.17 32.76 42.01 81.39 0.00 75.43 66.89 68.24 58.14 21.47 30.59 41.00 60.30 90.34 32.25 55.97 30.41 45.62 56.85 80.21 38.01 83.24 9.85 32.20 31.62 14.21 74.65 
69.18 64.50 102.94 31.58 82.73 74.33 82.86 11.31 55.00 37.64 85.80 58.05 77.01 35.13 52.35 25.00 47.85 35.90 80.89 42.95 58.08 75.33 46.96 69.86 57.63 94.37 17.00 75.43 0.00 56.32 26.25 103.39 91.29 44.92 94.49 28.18 22.47 70.21 70.83 64.82 80.06 33.62 66.48 42.11 8.06 83.36 59.84 47.01 64.50 67.68 
79.31 66.48 64.13 25.08 43.19 61.29 57.49 62.51 16.03 47.42 53.08 27.17 45.54 60.08 69.97 61.52 25.96 30.61 91.93 68.15 19.42 75.43 79.38 14.00 34.13 56.44 72.78 66.89 56.32 0.00 74.01 57.78 68.88 49.09 57.31 29.15 78.75 85.43 21.19 37.70 37.48 72.18 14.42 62.65 62.39 76.66 77.10 61.40 66.48 12.04 
54.12 54.71 106.02 52.17 88.59 69.53 82.13 15.00 76.90 36.36 88.01 81.93 80.16 24.76 37.70 14.76 71.87 60.42 63.51 27.31 80.52 63.98 25.02 88.01 62.61 97.91 17.26 68.24 26.25 74.01 0.00 110.06 87.86 42.01 97.65 45.18 25.02 52.47 83.20 68.96 87.73 12.37 86.47 30.23 28.84 73.82 43.17 36.62 54.71 86.02 
82.00 69.18 14.87 78.01 21.47 52.01 36.12 104.62 72.42 73.79 26.00 82.46 31.05 86.93 84.72 95.29 83.57 87.71 89.68 90.14 74.46 70.26 101.65 53.76 47.51 16.28 116.61 58.14 103.39 57.78 110.06 0.00 41.44 69.08 17.46 76.42 124.63 90.00 36.67 41.15 23.35 102.16 61.98 84.43 111.07 63.35 87.57 79.12 69.18 55.11 
45.22 35.51 28.28 77.32 31.24 18.38 11.40 87.98 84.72 54.20 19.10 95.90 23.77 63.13 53.82 74.20 92.44 91.05 50.09 62.37 88.29 32.02 71.85 73.41 38.05 25.50 99.57 21.47 91.29 68.88 87.86 41.44 0.00 47.17 24.17 71.20 108.45 52.89 52.33 32.06 37.20 77.08 80.06 57.98 99.32 23.02 53.67 51.62 35.51 73.54 
31.62 21.59 64.07 41.15 47.76 29.55 40.31 40.82 60.11 7.28 46.04 69.66 38.47 17.89 21.02 27.59 62.13 55.54 44.65 22.02 64.35 32.56 34.01 61.27 23.09 56.08 52.43 30.59 44.92 49.09 42.01 69.08 47.17 0.00 55.76 32.31 61.29 36.77 48.51 28.16 48.05 33.11 63.51 16.03 52.81 39.05 28.02 12.65 21.59 59.94 
65.12 52.77 8.49 73.01 14.14 35.13 19.03 94.07 73.17 61.40 9.85 84.05 17.69 73.57 69.26 83.01 83.02 84.77 72.34 75.64 76.03 53.04 86.73 57.56 36.88 1.41 106.10 41.00 94.49 57.31 97.65 17.46 24.17 55.76 0.00 69.46 114.55 73.11 37.01 29.73 20.00 88.68 65.28 70.21 102.45 45.89 71.39 64.47 52.77 58.31 
63.53 53.76 77.70 9.22 56.61 57.00 61.13 33.38 32.70 26.93 61.74 40.00 52.80 35.61 49.82 33.84 31.11 23.26 76.54 44.69 36.67 64.56 54.38 43.10 33.84 69.12 43.97 60.30 28.18 29.15 45.18 76.42 71.20 32.31 69.46 0.00 50.57 67.68 42.72 40.85 53.15 44.94 41.30 40.31 35.23 69.72 57.80 41.62 53.76 41.05 
78.64 77.62 123.04 53.85 103.59 90.55 101.21 20.62 76.42 54.41 105.42 78.06 96.88 46.62 61.85 34.93 68.01 56.00 88.46 51.42 79.16 87.60 50.00 92.18 77.83 114.56 8.94 90.34 22.47 78.75 25.02 124.63 108.45 61.29 114.55 50.57 0.00 77.41 93.06 84.86 101.40 37.22 88.46 53.14 17.03 96.93 67.90 59.24 77.62 89.99 
8.00 21.59 79.63 76.84 71.70 38.01 54.08 61.20 96.88 40.80 64.00 106.30 60.53 35.44 18.38 45.40 98.41 90.74 11.05 27.29 101.12 20.88 28.16 96.80 54.56 74.06 69.12 32.25 70.21 85.43 52.47 90.00 52.89 36.77 73.11 67.68 77.41 0.00 81.02 55.97 74.73 40.20 99.81 28.79 76.53 30.87 10.44 26.08 21.59 95.69 
73.79 59.94 43.29 42.43 23.19 49.52 41.18 74.46 36.50 50.00 34.48 47.17 28.65 64.01 68.88 69.05 47.13 51.11 85.23 70.26 39.12 66.61 82.22 21.19 26.57 36.00 85.91 55.97 70.83 21.19 83.20 36.67 52.33 48.51 37.01 42.72 93.06 81.02 0.00 25.81 17.03 78.31 28.44 64.28 77.94 65.05 74.63 61.00 59.94 21.59 
48.47 34.54 38.21 45.89 19.70 24.21 21.02 64.44 53.16 32.65 21.10 64.29 12.21 45.88 46.01 54.20 60.41 59.21 59.54 49.82 56.92 40.80 61.66 44.82 7.21 29.70 76.49 30.41 64.82 37.70 68.96 41.15 32.06 28.16 29.73 40.85 84.86 55.97 25.81 0.00 20.10 61.10 50.25 43.93 72.80 39.82 50.64 39.20 34.54 44.41 
66.94 53.15 26.68 55.23 6.32 38.91 26.87 81.54 53.24 51.87 18.36 64.07 15.26 65.52 66.01 73.01 63.35 65.92 76.90 69.87 56.04 57.38 81.74 37.85 25.30 19.03 93.48 45.62 80.06 37.48 87.73 23.35 37.20 48.05 20.00 53.15 101.40 74.73 17.03 20.10 0.00 80.65 45.40 63.95 87.73 53.54 70.26 59.30 53.15 38.47 
41.76 43.01 96.90 53.23 80.78 58.69 72.20 22.85 77.62 28.86 78.89 84.12 71.55 15.23 25.50 11.18 74.43 63.82 51.24 15.26 81.54 51.88 13.60 85.99 55.36 89.07 29.00 56.85 33.62 72.18 12.37 102.16 77.08 33.11 88.68 44.94 37.22 40.20 78.31 61.10 80.65 0.00 85.62 19.10 38.28 61.91 30.81 25.46 43.01 84.17 
93.61 80.62 71.00 35.06 51.62 74.33 68.71 74.00 13.60 61.72 62.82 21.02 56.30 74.09 84.38 74.73 25.50 34.89 106.15 82.35 13.60 89.27 93.41 8.25 47.63 64.20 83.38 80.21 66.48 14.42 86.47 61.98 80.06 63.51 65.28 41.30 88.46 99.81 28.44 50.25 45.40 85.62 0.00 76.92 71.59 89.87 91.53 75.80 80.62 7.00 
27.07 24.60 78.29 49.52 63.32 39.60 53.25 34.37 71.61 15.23 60.37 80.06 53.49 7.00 10.44 18.44 71.42 62.80 39.05 6.00 75.80 34.48 18.00 75.61 39.12 70.68 44.27 38.01 42.11 62.65 30.23 84.43 57.98 16.03 70.21 40.31 53.14 28.79 64.28 43.93 63.95 19.10 76.92 0.00 49.01 43.86 18.38 6.40 24.60 74.09 
76.01 72.01 110.89 37.34 90.55 82.28 90.92 15.52 59.41 45.54 93.81 61.13 85.00 42.01 59.03 31.14 51.04 39.01 87.37 49.25 62.13 82.73 51.87 75.58 65.60 102.30 14.76 83.24 8.06 62.39 28.84 111.07 99.32 52.81 102.45 35.23 17.03 76.53 77.94 72.80 87.73 38.28 71.59 49.01 0.00 91.01 66.27 54.23 72.01 73.38 
23.85 19.31 51.09 77.67 48.76 15.62 27.86 77.49 91.24 46.17 38.28 102.04 38.28 50.33 36.62 62.03 96.46 92.20 27.07 46.65 95.26 10.63 53.81 84.65 42.54 47.07 88.02 9.85 83.36 76.66 73.82 63.35 23.02 39.05 45.89 69.72 96.93 30.87 65.05 39.82 53.54 61.91 89.87 43.86 91.01 0.00 33.97 37.70 19.31 84.20 
11.18 18.68 78.59 67.01 68.00 36.69 52.63 51.04 87.78 31.14 61.81 96.90 57.04 25.00 8.06 35.13 88.73 80.71 21.10 17.03 92.02 23.35 20.25 89.07 48.08 72.18 59.41 32.20 59.84 77.10 43.17 87.57 53.67 28.02 71.39 57.80 67.90 10.44 74.63 50.64 70.26 30.81 91.53 18.38 66.27 33.97 0.00 16.28 18.68 87.82 
22.80 18.38 72.45 50.80 58.25 33.24 47.17 40.02 71.59 14.87 54.63 80.62 48.08 12.65 8.60 24.35 72.47 64.66 35.47 11.18 75.82 28.64 22.56 73.82 35.06 65.00 50.33 31.62 47.01 61.40 36.62 79.12 51.62 12.65 64.47 41.62 59.24 26.08 61.00 39.20 59.30 25.46 75.80 6.40 54.23 37.70 16.28 0.00 18.38 72.45 
13.93 0.00 59.91 62.39 50.25 18.03 33.96 58.24 79.40 28.16 43.29 89.59 39.12 31.02 18.44 42.72 82.76 76.90 25.61 27.80 83.60 11.05 36.40 76.84 33.84 53.60 68.71 14.21 64.50 66.48 54.71 69.18 35.51 21.59 52.77 53.76 77.62 21.59 59.94 34.54 53.15 43.01 80.62 24.60 72.01 19.31 18.68 18.38 0.00 75.93 
89.20 75.93 64.00 36.14 44.72 68.60 62.24 74.33 18.60 58.87 56.04 27.51 49.77 71.84 80.95 73.55 30.61 38.60 101.53 79.71 19.70 84.15 91.09 2.24 42.43 57.22 84.34 74.65 67.68 12.04 86.02 55.11 73.54 59.94 58.31 41.05 89.99 95.69 21.59 44.41 38.47 84.17 7.00 74.09 73.38 84.20 87.82 72.45 75.93 0.00 
