0.00 29.07 17.00 26.93 14.04 18.03 6.08 22.85 14.32 28.64 17.03 11.05 28.02 13.04 30.41 8.06 9.49 30.41 19.85 11.40 8.25 10.00 13.00 24.17 14.14 17.89 5.10 6.40 15.81 7.07 
29.07 0.00 15.81 3.16 36.80 25.50 23.32 22.56 20.00 7.28 27.29 20.52 14.14 37.48 1.41 25.50 23.35 1.41 30.87 23.09 31.89 19.31 32.65 5.00 28.02 23.26 26.25 27.02 17.00 32.02 
17.00 15.81 0.00 12.81 21.26 10.20 11.05 9.85 4.24 12.53 11.70 6.08 11.05 22.20 17.20 17.89 8.54 17.20 15.52 17.80 17.00 10.82 16.97 11.18 12.21 8.06 16.76 12.65 15.26 17.46 
26.93 3.16 12.81 0.00 33.94 22.36 21.02 19.42 17.03 5.00 24.19 17.80 11.40 34.71 4.47 24.08 20.62 4.47 27.73 22.02 29.21 17.46 29.73 3.00 25.00 20.12 24.52 24.41 16.28 29.41 
14.04 36.80 21.26 33.94 0.00 14.56 15.81 20.62 17.03 33.60 12.37 16.40 29.97 2.24 38.21 22.00 13.60 38.21 12.04 25.08 6.08 21.19 4.47 31.89 9.85 16.16 19.00 10.77 28.16 7.00 
18.03 25.50 10.20 22.36 14.56 0.00 14.21 6.08 7.07 20.62 2.24 9.85 15.81 16.28 26.83 22.80 9.22 26.83 5.39 24.19 13.15 17.46 10.20 21.19 5.00 2.24 20.52 11.66 23.77 14.32 
6.08 23.32 11.05 21.02 15.81 14.21 0.00 18.03 8.94 22.56 13.89 5.39 22.09 15.65 24.70 8.60 5.00 24.70 17.46 10.44 9.85 5.39 13.04 18.36 11.70 13.45 6.40 5.10 12.37 9.43 
22.85 22.56 9.85 19.42 20.62 6.08 18.03 0.00 9.22 16.55 8.25 12.81 10.63 22.36 23.77 26.25 13.42 23.77 10.00 26.91 19.03 19.85 16.28 19.03 11.05 5.10 24.41 16.76 25.06 20.10 
14.32 20.00 4.24 17.03 17.03 7.07 8.94 9.22 0.00 16.64 8.06 3.61 14.14 18.03 21.40 17.03 5.00 21.40 12.04 17.80 13.00 10.82 12.73 15.26 8.06 5.39 15.26 9.06 16.76 13.60 
28.64 7.28 12.53 5.00 33.60 20.62 22.56 16.55 16.64 0.00 22.67 18.38 7.00 34.67 8.06 27.07 21.02 8.06 25.81 25.50 29.53 20.00 29.21 7.21 24.08 18.44 27.02 25.08 20.25 29.97 
17.03 27.29 11.70 24.19 12.37 2.24 13.89 8.25 8.06 22.67 0.00 10.20 18.03 14.14 28.65 22.47 8.94 28.65 4.00 24.17 11.40 17.72 8.06 22.85 3.16 4.24 20.00 10.63 24.33 12.65 
11.05 20.52 6.08 17.80 16.40 9.85 5.39 12.81 3.61 18.38 10.20 0.00 17.00 16.97 21.93 13.45 2.83 21.93 14.14 14.42 11.40 7.62 12.53 15.56 9.06 8.60 11.66 6.71 14.14 11.66 
28.02 14.14 11.05 11.40 29.97 15.81 22.09 10.63 14.14 7.00 18.03 17.00 0.00 31.38 15.03 28.46 19.10 15.03 20.52 27.73 26.93 21.19 25.50 12.53 20.12 13.89 27.66 23.19 23.60 27.66 
13.04 37.48 22.20 34.71 2.24 16.28 15.65 22.36 18.03 34.67 14.14 16.97 31.38 0.00 38.90 21.10 14.14 38.90 14.14 24.33 5.83 21.02 6.08 32.53 11.40 17.72 18.11 10.82 27.86 6.32 
30.41 1.41 17.20 4.47 38.21 26.83 24.70 23.77 21.40 8.06 28.65 21.93 15.03 38.90 0.00 26.68 24.76 0.00 32.20 24.19 33.30 20.62 34.06 6.40 29.41 24.60 27.51 28.43 18.03 33.42 
8.06 25.50 17.89 24.08 22.00 22.80 8.60 26.25 17.03 27.07 22.47 13.45 28.46 21.10 26.68 0.00 13.60 26.68 25.94 3.61 16.03 7.28 20.40 21.10 20.12 21.93 3.00 12.65 9.43 15.00 
9.49 23.35 8.54 20.62 13.60 9.22 5.00 13.42 5.00 21.02 8.94 2.83 19.10 14.14 24.76 13.60 0.00 24.76 12.65 15.23 8.60 9.06 9.85 18.38 7.07 8.60 11.31 4.12 16.00 8.94 
30.41 1.41 17.20 4.47 38.21 26.83 24.70 23.77 21.40 8.06 28.65 21.93 15.03 38.90 0.00 26.68 24.76 0.00 32.20 24.19 33.30 20.62 34.06 6.40 29.41 24.60 27.51 28.43 18.03 33.42 
19.85 30.87 15.52 27.73 12.04 5.39 17.46 10.00 12.04 25.81 4.00 14.14 20.52 14.14 32.20 25.94 12.65 32.20 0.00 27.86 13.04 21.59 8.54 26.57 5.83 7.62 23.32 13.60 28.28 14.42 
11.40 23.09 17.80 22.02 25.08 24.19 10.44 26.91 17.80 25.50 24.17 14.42 27.73 24.33 24.19 3.61 15.23 24.19 27.86 0.00 19.03 7.07 23.09 19.03 22.14 23.02 6.32 15.13 6.32 18.11 
8.25 31.89 17.00 29.21 6.08 13.15 9.85 19.03 13.00 29.53 11.40 11.40 26.93 5.83 33.30 16.03 8.60 33.30 13.04 19.03 0.00 15.23 5.00 26.91 8.25 14.00 13.04 5.00 22.14 1.41 
10.00 19.31 10.82 17.46 21.19 17.46 5.39 19.85 10.82 20.00 17.72 7.62 21.19 21.02 20.62 7.28 9.06 20.62 21.59 7.07 15.23 0.00 18.25 14.56 16.12 16.12 7.07 10.44 7.07 14.76 
13.00 32.65 16.97 29.73 4.47 10.20 13.04 16.28 12.73 29.21 8.06 12.53 25.50 6.08 34.06 20.40 9.85 34.06 8.54 23.09 5.00 18.25 0.00 27.80 5.39 11.70 17.46 8.00 25.32 6.40 
24.17 5.00 11.18 3.00 31.89 21.19 18.36 19.03 15.26 7.21 22.85 15.56 12.53 32.53 6.40 21.10 18.38 6.40 26.57 19.03 26.91 14.56 27.80 0.00 23.32 18.97 21.59 22.02 13.34 27.02 
14.14 28.02 12.21 25.00 9.85 5.00 11.70 11.05 8.06 24.08 3.16 9.06 20.12 11.40 29.41 20.12 7.07 29.41 5.83 22.14 8.25 16.12 5.39 23.32 0.00 6.32 17.49 7.81 23.02 9.49 
17.89 23.26 8.06 20.12 16.16 2.24 13.45 5.10 5.39 18.44 4.24 8.60 13.89 17.72 24.60 21.93 8.60 24.60 7.62 23.02 14.00 16.12 11.70 18.97 6.32 0.00 19.85 11.70 22.14 15.03 
5.10 26.25 16.76 24.52 19.00 20.52 6.40 24.41 15.26 27.02 20.00 11.66 27.66 18.11 27.51 3.00 11.31 27.51 23.32 6.32 13.04 7.07 17.46 21.59 17.49 19.85 0.00 9.85 11.31 12.00 
6.40 27.02 12.65 24.41 10.77 11.66 5.10 16.76 9.06 25.08 10.63 6.71 23.19 10.82 28.43 12.65 4.12 28.43 13.60 15.13 5.00 10.44 8.00 22.02 7.81 11.70 9.85 0.00 17.46 5.00 
15.81 17.00 15.26 16.28 28.16 23.77 12.37 25.06 16.76 20.25 24.33 14.14 23.60 27.86 18.03 9.43 16.00 18.03 28.28 6.32 22.14 7.07 25.32 13.34 23.02 22.14 11.31 17.46 0.00 21.54 
7.07 32.02 17.46 29.41 7.00 14.32 9.43 20.10 13.60 29.97 12.65 11.66 27.66 6.32 33.42 15.00 8.94 33.42 14.42 18.11 1.41 14.76 6.40 27.02 9.49 15.03 12.00 5.00 21.54 0.00 
